0.27
0.80
1.18
1.73
2.11
2.63
3.01
3.56
4.01
4.47
4.91
5.38
5.83
6.29
6.75
7.22
8.02
8.83
9.30
9.75
10.21
10.67
11.48
11.93
12.39
12.85
13.31
13.75
14.22
14.59
15.14
15.52
16.02
16.49
16.97
17.43
17.88
18.33
18.80
19.23
20.22
20.87
21.30
21.77
22.25
22.70
23.17
23.60
24.09
24.52
24.99
25.45
25.90
26.35
26.81
27.26
27.74
28.20
28.64
29.11
29.55
30.01
30.48
31.30
31.74
32.21
33.01
33.39
33.94
34.30
34.85
35.31
35.77
36.58
36.95
37.49
37.96
38.41
39.22
39.59
40.14
40.51
40.88
41.87
42.33
42.78
43.39
44.04
44.82
45.33
45.79
46.24
46.68
47.16
47.61
48.06
48.69
49.33
49.77
50.23
50.69
51.15
51.62
52.07
52.54
52.97
53.45
53.83
54.36
54.80
55.27
56.10
56.91
57.28
57.82
58.64
59.00
59.54
59.98
60.45
60.91
61.37
61.75
62.26
62.75
63.21
63.58
64.09
64.77
65.38
66.21
67.01
67.45
68.09
68.91
69.71
70.73
71.37
72.18
72.82
73.99
74.45
75.28
75.72
76.52
77.35
78.15
78.51
79.09
79.45
79.82
80.37
80.91
81.71
82.08
82.47
83.00
83.38
83.93
84.47
85.28
85.63
86.19
86.65
87.11
87.57
88.02
88.49
88.94
89.39
90.18
90.66
91.10
91.58
92.05
92.50
92.93
93.76
94.23
95.04
95.47
96.31
97.27
97.93
98.37
98.83
99.29
99.75
100.23
100.68
101.13
101.57
102.05
102.50
102.96
103.41
103.88
104.69
105.50
105.87
106.42
107.24
108.05
108.48
108.95
109.77
110.16
110.69
111.15
111.61
112.03
112.51
113.34
113.80
114.25
114.72
115.17
115.80
116.42
116.90
117.35
118.36
119.17
119.97
120.60
121.41
121.89
122.70
123.15
123.61
124.07
124.52
125.33
125.79
126.23
127.04
127.51
127.99
128.79
129.24
129.70
130.08
130.62
130.99
131.54
131.91
132.45
132.83
